9
56
819
40 819
251 195
84 435
119 819
9 564
97 689
73 763
58 200
125 116
225 819
164 819
246 149
203 819
78 354
199 720
50 523
294 277
110 606
284 661
235 797
82 333
5 209
240 694
54 314
24 819
239 660
4 698
260 605
155 318
180 750
221 695
154 659
209 439
111 203
127 328
207 113
214 35
77 757
54 819
154 723
135 819
147 700
275 660
230 779
66 200
292 646
38 420
31 772
270 455
50 439
62 467
193 182
239 28
241 655
121 482
86 692
62
288
146 288
130 34
292 288
263 288
280 288
281 288
4 288
276 288
229 288
37 14
20 288
267 288
297 288
133 288
157 288
167 288
234 288
12 118
155 288
220 288
226 282
292 288
66 288
6 10
217 288
215 135
43 288
266 288
72 288
233 288
113 288
243 288
262 288
225 288
28 288
99 288
124 263
61 288
70 203
58 288
215 128
25 288
284 45
183 288
89 173
3 185
213 288
10 288
246 250
153 288
293 288
109 288
132 288
83 261
27 288
101 288
164 288
120 288
31 288
299 64
197 288
143 288
28
272
232 30
111 272
114 272
283 272
124 206
84 272
119 203
164 272
150 272
161 272
65 272
167 272
152 272
95 272
250 272
282 272
283 264
123 197
46 140
29 272
191 272
269 177
267 272
146 272
252 272
101 272
293 272
107 272
68
114
125 114
81 114
125 114
111 114
228 114
282 114
258 44
141 114
118 114
178 114
218 114
13 114
276 114
16 114
214 44
68 114
241 114
145 114
212 114
121 114
167 114
174 114
235 114
210 114
292 114
264 114
119 114
215 114
56 114
45 114
42 42
56 114
260 114
214 75
35 114
151 114
136 114
13 114
49 114
189 114
298 114
133 114
46 114
299 114
230 114
149 114
260 114
119 114
274 114
275 114
141 114
144 114
195 114
182 114
115 114
148 114
217 64
32 114
55 114
107 114
241 114
13 114
20 114
222 114
231 114
115 114
152 114
197 114
67
129
89 129
54 129
192 129
105 129
127 129
119 129
169 105
176 129
257 129
186 129
78 129
298 129
211 129
92 129
262 129
89 52
254 129
299 129
226 129
296 129
134 129
70 129
161 129
30 129
227 129
107 129
263 129
20 129
130 129
199 129
97 30
48 129
216 129
191 129
190 129
89 129
54 129
253 129
97 129
261 129
136 129
124 129
79 129
58 101
63 24
150 129
145 129
34 129
34 129
114 102
126 128
190 129
105 129
275 129
141 129
287 129
184 129
135 129
62 20
154 129
10 129
80 8
295 129
110 129
280 65
137 129
108 42
37
478
58 192
200 478
20 9
218 478
121 57
200 478
71 478
203 344
298 478
38 428
53 212
262 478
128 354
11 478
190 444
30 478
265 46
186 119
157 478
265 245
159 195
171 77
55 30
18 316
221 270
234 478
220 460
27 317
163 3
55 478
284 356
296 478
278 478
250 478
113 478
16 428
8 397
25
807
65 5
232 807
8 807
139 36
256 807
63 645
236 394
271 807
102 279
131 67
218 731
92 348
149 155
175 604
246 415
222 216
251 807
16 100
217 13
91 746
80 675
158 807
49 807
276 344
44 807
25
855
70 725
102 256
137 286
107 228
64 69
259 760
79 619
75 11
138 517
232 855
63 649
268 667
65 620
269 855
258 256
91 546
36 431
108 794
174 173
168 442
298 411
58 844
65 701
197 100
286 101
53
358
258 358
201 152
242 358
65 6
204 358
266 358
115 100
222 358
266 358
40 358
208 358
200 358
55 358
20 358
20 358
48 358
97 358
165 358
159 358
110 358
164 251
227 358
45 48
168 358
225 358
155 358
111 358
106 127
226 241
3 299
235 42
248 358
243 96
41 67
31 358
173 358
210 358
120 358
14 163
9 358
139 356
146 358
176 358
130 179
134 47
225 50
3 358
262 358
264 358
110 358
224 358
245 89
40 222
