12
5 25 41
77 34
18 40
72 70
93 97
33 96
7 29
80 89
51 22
74 65
99 42
84 60
69 64
15 86
37 75
53 45
47 23
38 44
11 88
49 81
21 55
52 59
92 82
12 17
50 16
19 27
5
2
1
5
3
3
2
2
1
3
4
4
6
4
2
2
3
6
6
2
3
5
4
4
1
5
4
1
1
3
3
5
2
3
3
4
4
5
5
4
1
17 5 12
83 87
81 40
59 96
3 24
9 80
4
1
4
2
3
4
6
3
5
4
1
3
16 6 10
89 30
21 81
15 41
20 56
22 58
69 72
2
4
4
3
1
2
6
3
4
3
7 1 3
80 42
4
1
3
21 0 14
1
2
4
2
6
2
4
1
2
3
2
3
4
4
3 9 0
65 22
25 64
6 36
45 46
17 53
26 69
7 34
41 40
92 42
2 0 19
3
2
1
1
4
2
4
4
5
2
1
1
6
1
6
6
5
6
2
11 4 1
76 87
22 83
79 19
78 91
1
12 6 14
98 47
23 29
31 39
79 91
74 88
50 77
6
4
2
2
3
6
2
4
1
6
5
2
6
3
21 2 0
55 51
67 48
2 2 6
29 46
84 27
5
5
1
4
6
6
2 1 2
1 99
2
3
3 1 5
2 100
1
2
3
4
5