1000 1
2485 2502
2501 2512
2481 2482
2510 2520
2511 2507
2495 2486
2511 2511
2521 2496
2500 2480
2521 2494
2477 2509
2486 2518
2489 2506
2489 2510
2491 2507
2517 2491
2481 2483
2483 2501
2515 2518
2508 2522
2490 2520
2483 2508
2483 2510
2499 2512
2496 2512
2491 2506
2521 2501
2515 2498
2477 2511
2491 2499
2497 2498
2493 2516
2505 2518
2490 2482
2481 2508
2515 2504
2503 2503
2519 2487
2502 2514
2503 2512
2489 2520
2491 2514
2515 2493
2504 2486
2495 2498
2479 2483
2485 2492
2477 2510
2484 2518
2507 2520
2517 2507
2477 2498
2481 2509
2487 2484
2502 2490
2513 2512
2519 2497
2496 2522
2487 2480
2481 2491
2519 2495
2502 2482
2521 2509
2495 2504
2503 2484
2483 2502
2521 2514
2517 2485
2491 2492
2489 2497
2511 2499
2517 2488
2506 2494
2505 2500
2502 2518
2495 2516
2481 2499
2485 2490
2519 2499
2481 2514
2477 2499
2483 2504
2514 2518
2488 2512
2511 2482
2515 2506
2509 2494
2504 2484
2519 2513
2519 2480
2517 2509
2507 2496
2494 2486
2506 2492
2487 2490
2477 2514
2500 2484
2483 2482
2511 2501
2515 2489
2521 2515
2493 2520
2502 2522
2500 2518
2513 2518
2496 2492
2485 2513
2509 2506
2521 2482
2521 2512
2517 2503
2490 2510
2485 2484
2486 2516
2517 2499
2481 2513
2488 2488
2521 2503
2505 2502
2485 2487
2501 2482
2479 2484
2511 2498
2491 2501
2519 2519
2505 2506
2493 2506
2481 2511
2483 2493
2513 2514
2498 2512
2496 2520
2509 2507
2492 2490
2507 2492
2511 2506
2504 2518
2485 2509
2481 2517
2509 2504
2514 2482
2519 2516
2508 2514
2517 2486
2483 2497
2485 2482
2504 2514
2495 2514
2501 2516
2507 2507
2503 2480
2494 2506
2483 2495
2515 2507
2487 2503
2508 2520
2515 2497
2515 2484
2509 2498
2499 2494
2517 2504
2495 2499
2483 2485
2479 2508
2498 2496
2484 2480
2507 2480
2487 2500
2506 2482
2492 2488
2511 2503
2505 2494
2521 2498
2491 2493
2487 2495
2477 2505
2498 2522
2500 2488
2519 2486
2509 2497
2486 2482
2477 2491
2517 2502
2491 2508
2497 2496
2477 2500
2487 2510
2479 2486
2483 2514
2505 2498
2498 2498
2509 2516
2485 2501
2521 2517
2517 2511
2500 2508
2509 2510
2519 2509
2499 2518
2487 2512
2515 2496
2492 2492
2500 2490
2485 2488
2509 2508
2493 2494
2517 2514
2495 2503
2497 2490
2505 2484
2515 2487
2481 2493
2507 2486
2510 2484
2521 2481
2513 2511
2519 2485
2479 2511
2484 2522
2485 2493
2513 2480
2485 2486
2477 2503
2485 2480
2501 2488
2515 2501
2499 2502
2489 2514
2513 2509
2479 2480
2505 2486
2480 2522
2519 2510
2504 2516
2488 2482
2510 2488
2505 2516
2481 2492
2515 2515
2477 2501
2513 2498
2496 2496
2501 2494
2500 2492
2500 2520
2514 2480
2505 2505
2504 2512
2497 2486
2506 2512
2493 2514
2503 2504
2500 2500
2486 2480
2490 2516
2517 2513
2498 2518
2483 2515
2498 2504
2514 2522
2487 2501
2492 2486
2515 2494
2517 2506
2496 2516
2491 2505
2489 2507
2519 2502
2487 2498
2477 2515
2495 2500
2497 2520
2515 2492
2519 2501
2513 2510
2509 2520
2509 2518
2500 2504
2515 2514
2481 2512
2507 2522
2507 2502
2518 2482
2513 2513
2485 2512
2509 2490
2491 2484
2496 2488
2504 2510
2493 2498
2521 2513
2503 2520
2496 2518
2484 2516
2488 2480
2508 2488
2513 2516
2509 2488
2494 2488
2521 2500
2507 2498
2507 2500
2497 2516
2517 2484
2481 2516
2495 2508
2517 2516
2487 2505
2481 2488
2494 2522
2503 2486
2481 2504
2502 2512
2521 2485
2517 2512
2477 2508
2497 2504
2485 2500
2497 2484
2489 2509
2485 2520
2488 2520
2489 2516
2502 2484
2506 2516
2485 2508
2519 2498
2511 2494
2485 2518
2517 2495
2507 2490
2519 2496
2498 2486
2479 2489
2491 2488
2477 2507
2480 2480
2481 2487
2504 2480
2477 2495
2521 2488
2521 2519
2511 2516
2481 2507
2505 2482
2504 2520
2521 2491
2492 2520
2503 2482
2502 2492
2511 2492
2485 2496
2483 2480
2521 2508
2494 2520
2521 2511
2508 2490
2486 2486
2503 2510
2519 2505
2497 2482
2513 2497
2479 2515
2485 2507
2505 2499
2479 2485
2517 2496
2488 2522
2489 2491
2517 2489
2491 2490
2505 2501
2483 2512
2515 2510
2489 2492
2519 2492
2509 2503
2496 2510
2501 2480
2487 2497
2505 2497
2479 2492
2508 2510
2492 2522
2503 2508
2488 2514
2511 2496
2521 2493
2489 2508
2479 2506
2479 2519
2481 2515
2479 2496
2513 2486
2521 2490
2488 2518
2499 2508
2488 2486
2481 2496
2521 2484
2500 2486
2479 2513
2491 2486
2486 2520
2504 2490
2481 2486
2501 2520
2479 2491
2510 2512
2498 2506
2487 2506
2506 2520
2489 2494
2499 2490
2496 2490
2485 2489
2507 2501
2491 2520
2511 2488
2477 2506
2519 2511
2515 2508
2499 2510
2494 2494
2499 2496
2493 2490
2501 2502
2485 2505
2482 2522
2511 2480
2492 2514
2519 2515
2489 2522
2483 2509
2485 2514
2515 2502
2521 2499
2521 2480
2517 2480
2500 2512
2513 2490
2510 2490
2513 2495
2493 2510
2491 2504
2515 2500
2516 2484
2514 2484
2486 2522
2516 2482
2477 2512
2512 2518
2511 2520
2507 2512
2505 2512
2479 2487
2516 2520
2521 2510
2479 2488
2479 2495
2499 2480
2508 2518
2513 2503
2501 2500
2509 2499
2499 2482
2498 2516
2512 2482
2495 2496
2493 2495
2513 2484
2481 2506
2503 2502
2477 2492
2479 2481
2485 2522
2479 2503
2515 2488
2519 2517
2497 2510
2491 2494
2515 2520
2507 2508
2513 2505
2502 2520
2483 2491
2501 2506
2513 2502
2487 2522
2493 2496
2481 2489
2517 2520
2519 2518
2494 2482
2485 2498
2491 2496
2497 2522
2489 2480
2479 2517
2479 2490
2490 2486
2505 2504
2509 2495
2501 2501
2502 2488
2513 2504
2511 2497
2517 2518
2515 2491
2493 2484
2500 2514
2506 2486
2490 2484
2512 2480
2485 2510
2509 2522
2477 2497
2506 2522
2485 2503
2495 2494
2496 2514
2481 2494
2479 2509
2521 2521
2521 2486
2497 2514
2477 2521
2515 2495
2510 2522
2477 2493
2497 2502
2495 2510
2502 2496
2493 2488
2496 2508
2498 2508
2493 2508
2491 2482
2483 2488
2498 2502
2495 2490
2495 2518
2518 2522
2483 2486
2503 2494
2505 2508
2481 2495
2519 2484
2489 2482
2501 2510
2503 2518
2491 2522
2509 2493
2510 2514
2521 2522
2483 2492
2503 2506
2493 2492
2487 2516
2492 2508
2509 2512
2501 2490
2503 2514
2499 2514
2479 2504
2505 2522
2492 2480
2491 2516
2479 2493
2507 2516
2515 2513
2511 2504
2509 2500
2503 2490
2477 2520
2489 2498
2496 2504
2502 2498
2491 2510
2497 2508
2479 2507
2509 2514
2509 2505
2506 2510
2485 2494
2508 2486
2487 2509
2483 2490
2510 2482
2495 2488
2489 2484
2519 2512
2498 2510
2493 2512
2505 2510
2511 2508
2483 2505
2489 2502
2502 2494
2498 2488
2511 2522
2499 2488
2485 2499
2517 2497
2487 2507
2497 2499
2506 2484
2506 2480
2489 2493
2494 2518
2517 2510
2489 2501
2513 2500
2488 2484
2481 2505
2501 2492
2489 2518
2499 2520
2481 2510
2507 2484
2508 2516
2495 2501
2491 2503
2481 2497
2479 2501
2483 2520
2497 2500
2505 2514
2508 2512
2521 2518
2487 2511
2497 2480
2492 2484
2483 2518
2500 2498
2497 2492
2513 2506
2517 2498
2490 2490
2511 2490
2477 2496
2515 2512
2504 2488
2477 2522
2511 2518
2493 2486
2509 2486
2483 2499
2517 2492
2519 2504
2517 2522
2484 2484
2495 2482
2501 2484
2517 2487
2506 2518
2498 2482
2481 2518
2517 2517
2499 2500
2519 2489
2503 2516
2493 2500
2491 2480
2479 2520
2503 2488
2494 2490
2519 2520
2502 2480
2477 2494
2493 2480
2512 2516
2516 2518
2492 2512
2491 2500
2498 2520
2513 2522
2493 2501
2477 2513
2513 2488
2515 2511
2521 2483
2513 2520
2501 2486
2500 2502
2495 2480
2510 2480
2479 2500
2521 2489
2482 2518
2502 2510
2517 2505
2513 2496
2501 2514
2479 2516
2513 2492
2521 2505
2487 2499
2507 2495
2498 2490
2506 2490
2516 2480
2507 2494
2515 2505
2508 2480
2483 2503
2520 2480
2489 2499
2505 2492
2487 2493
2487 2489
2506 2514
2505 2520
2485 2516
2495 2522
2505 2496
2480 2520
2477 2518
2512 2514
2477 2504
2507 2514
2490 2480
2513 2507
2501 2498
2487 2494
2513 2489
2481 2520
2519 2488
2479 2505
2477 2517
2483 2522
2481 2502
2512 2486
2511 2510
2502 2516
2493 2502
2477 2516
2479 2497
2487 2514
2496 2480
2508 2482
2519 2491
2490 2512
2479 2502
2513 2491
2489 2505
2493 2499
2499 2484
2515 2486
2483 2496
2493 2505
2489 2503
2515 2516
2519 2522
2514 2520
2499 2486
2498 2494
2482 2520
2500 2522
2512 2488
2495 2502
2515 2499
2505 2488
2517 2494
2481 2480
2487 2491
2521 2495
2481 2500
2492 2518
2483 2484
2519 2507
2493 2518
2513 2493
2493 2504
2489 2490
2517 2515
2519 2503
2491 2502
2501 2518
2498 2514
2497 2501
2498 2492
2483 2498
2477 2502
2503 2496
2484 2482
2500 2516
2504 2482
2481 2485
2497 2488
2487 2520
2493 2503
2521 2502
2485 2495
2519 2483
2503 2492
2507 2499
2511 2495
2494 2480
2487 2518
2481 2490
2479 2512
2479 2482
2521 2497
2501 2496
2517 2493
2511 2491
2494 2516
2497 2494
2487 2492
2504 2496
2514 2486
2483 2506
2481 2501
2511 2514
2485 2504
2490 2522
2499 2522
2483 2516
2510 2486
2501 2508
2493 2482
2503 2499
2491 2518
2489 2504
2507 2518
2506 2488
2501 2522
2507 2497
2483 2489
2485 2497
2507 2482
2521 2504
2486 2484
2511 2486
2497 2506
2512 2520
2515 2509
2482 2480
2509 2501
2515 2480
2517 2501
2521 2506
2500 2506
2498 2480
2483 2494
2503 2522
2519 2482
2509 2484
2481 2522
2500 2482
2499 2498
2511 2502
2504 2522
2499 2506
2479 2499
2481 2503
2485 2506
2517 2508
2519 2508
2507 2488
2505 2503
2507 2506
2500 2496
2489 2488
2503 2498
2503 2501
2515 2482
2521 2487
2487 2482
2517 2490
2493 2497
2500 2510
2483 2513
2489 2500
2489 2496
2517 2482
2511 2484
2511 2493
2493 2522
2484 2520
2509 2482
2491 2512
2486 2514
2494 2508
2513 2482
2502 2504
2479 2518
2494 2492
2510 2516
2496 2486
2521 2507
2490 2514
2479 2498
2490 2488
2481 2498
2506 2508
2510 2518
2479 2494
2487 2488
2519 2514
2508 2484
2502 2506
2492 2510
2514 2516
2515 2522
2483 2500
2507 2504
2497 2518
2491 2495
2478 2522
2513 2501
2509 2502
2504 2506
2516 2522
2495 2484
2485 2491
2483 2511
2479 2510
2519 2493
2499 2504
2491 2497
2505 2490
2509 2496
2519 2500
2520 2522
2488 2516
2487 2486
2509 2509
2487 2504
2492 2516
2498 2484
2511 2509
2519 2506
2487 2502
2477 2519
2479 2514
2496 2482
2502 2508
2509 2492
2483 2507
2495 2512
2513 2499
2512 2484
2517 2500
2521 2520
2490 2518
2489 2512
2507 2503
2511 2505
2485 2511
2499 2516
2482 2482
2495 2492
2513 2508
2504 2508
2501 2504
2509 2480
2483 2487
2511 2500
2489 2486
2494 2514
2495 2506
2511 2512
2505 2480
2495 2497
2492 2482
2502 2486
2507 2505
2487 2508
2496 2506
2500 2494
2494 2512
2515 2490
2496 2484
2479 2522
2518 2520
2513 2494
2504 2492
2481 2484
2508 2492
2487 2496
2496 2494
2507 2510
2489 2495
2504 2494
2499 2492
2519 2494
2495 2520
2521 2492
2512 2522
2491 2498
2519 2490
2518 2480
2521 2516
2494 2484
2494 2510
2515 2503
2497 2512
2503 2500
